input_to_hidden1:
0.9731217294764634,0.9390566430274296,0.977355601000739,1.0207356489492025
0.36496673494507015,-0.408884656463862,0.23415266899123707,0.0937390957489274
-0.28818032618163597,-0.4911554440498188,0.04590353297122943,0.6105326350607736
0.38578979898757737,-0.011923466964683528,-0.6249663888310869,0.04275738513724963
-0.3237897090390768,0.031287593203225106,0.060613425994567156,0.3587610699930199
0.15330357876649525,0.5997082032104712,-0.05335490447908253,-0.12823212489834424
-0.20563730186662071,0.38409611576701397,0.0336761213363317,-0.23267436740926467
-0.18295281127134927,-0.44627719011179706,0.3313281649943066,-0.2512405427813647
-0.3490719092716377,-0.5359867173425997,-0.1086013735870729,-0.0745714696837584
0.22083845479741404,0.042666490602158436,-0.07773730378723649,0.5231372621256062
-0.1794946725389584,-0.016113290994814025,-0.5491601361902556,-0.5335010776511232
-0.006187213318752081,0.07486320091476321,-0.30596497208283197,-0.5880822406736039
0.20911241796912824,-0.18358582224970685,0.23194449586484375,-0.3145984378740154
-0.20156001129617646,-0.06794743080088106,-0.14266884909711067,0.2740385729135702

hidden1_to_hidden2:
1.0628527829260672,1.0027361757757758
-0.40606946088537055,-0.10706450613511333
-1.465189012413905,-1.0498158731387763
-0.3661738209137896,-0.22279980502252358
0.3869604490924399,-0.3641754471182616

hidden2_to_output:
1.1643381096163623
0.6931175401405715
0.05053184460627156

